1.006
1.0034
1.0008
0.9982
0.9956
0.993
0.9912
0.9894
0.9876
0.9858
0.984
0.9828
0.9816
0.9803999999999999
0.9792
0.978
0.9776
0.9772
0.9768
0.9763999999999999
0.976
0.9756
0.9752
0.9748
0.9743999999999999
0.974
0.9746
0.9752
0.9758
0.9763999999999999
0.977
0.9786
0.9802
0.9818
0.9833999999999999
0.985
0.9846
0.9842
0.9838
0.9833999999999999
0.983
0.9836
0.9842
0.9848
0.9853999999999999
0.986
0.9862
0.9863999999999999
0.9866
0.9868
0.987
0.9866
0.9862
0.9858
0.9853999999999999
0.985
0.9828
0.9806
0.9783999999999999
0.9762
0.974
0.9782
0.9823999999999999
0.9866
0.9908
0.995
0.9952
0.9954
0.9956
0.9958
0.996
0.9968
0.9976
0.9984
0.9992
1.0
1.0
1.0
1.0
1.0
1.0
0.9994
0.9988
0.9982
0.9976
0.997
0.9972
0.9974
0.9976
0.9978
0.998
0.998
0.998
0.998
0.998
0.998
0.9978
0.9976
0.9974
0.9972
0.997
0.9962
0.9954
0.9946
0.9938
0.993
0.993
0.993
0.993
0.993
0.993
0.993
0.993
0.993
0.993
0.993
0.9928
0.9926
0.9924
0.9922
0.992
0.993
0.994
0.995
0.996
0.997
0.996
0.995
0.994
0.993
0.992
0.9924
0.9928
0.9932
0.9936
0.994
0.9954
0.9967999999999999
0.9982
0.9995999999999999
1.001
1.0004
0.9997999999999999
0.9992
0.9985999999999999
0.998
0.998
0.998
0.998
0.998
0.998
0.9984
0.9988
0.9992
0.9996
1.0
1.0006
1.0011999999999999
1.0018
1.0024
1.003
1.002
1.001
1.0
0.999
0.998
0.9984
0.9988
0.9992
0.9996
1.0
0.9996
0.9992
0.9988
0.9984
0.998
0.9968
0.9956
0.9944
0.9932
0.992
0.988
0.984
0.98
0.976
0.972
0.9722
0.9723999999999999
0.9726
0.9728
0.973
0.974
0.975
0.976
0.977
0.978
0.978
0.978
0.978
0.978
0.978
0.9782
0.9783999999999999
0.9786
0.9788
0.979
0.9782
0.9773999999999999
0.9766
0.9758
0.975
0.9753999999999999
0.9758
0.9762
0.9766
0.977
0.977
0.977
0.977
0.977
0.977
0.978
0.979
0.98
0.981
0.982
0.982
0.982
0.982
0.982
0.982
0.982
0.982
0.982
0.982
0.982
0.9802
0.9783999999999999
0.9766
0.9748
0.973
0.972
0.971
0.97
0.969
0.968
0.9676
0.9672
0.9668
0.9663999999999999
0.966
0.966
0.966
0.966
0.966
0.966
0.966
0.966
0.966
0.966
0.966
0.966
0.966
0.966
0.966
0.966
0.966
0.966
0.966
0.966
0.966
0.966
0.966
0.966
0.966
0.966
0.966
0.966
0.966
0.966
0.966
0.966
0.966
0.966
0.966
0.966
0.966
0.966
0.966
0.966
0.966
0.9658
0.9656
0.9653999999999999
0.9652
0.965
0.966
0.967
0.968
0.969
0.97
0.97
0.97
0.97
0.97
0.97
0.9698
0.9696
0.9693999999999999
0.9692
0.969
0.969
0.969
0.969
0.969
0.969
0.969
0.969
0.969
0.969
0.969
0.9698
0.9706
0.9713999999999999
0.9722
0.973
0.973
0.973
0.973
0.973
0.973
0.973
0.973
0.973
0.973
0.973
0.9718
0.9706
0.9693999999999999
0.9682
0.967
0.9662
0.9653999999999999
0.9646
0.9638
0.963
0.963
0.963
0.963
0.963
0.963
0.963
0.963
0.963
0.963
0.963
0.9633999999999999
0.9638
0.9642
0.9646
0.965
0.9652
0.9653999999999999
0.9656
0.9658
0.966
0.9658
0.9656
0.9653999999999999
0.9652
0.965
0.9652
0.9653999999999999
0.9656
0.9658
0.966
0.966
0.966
0.966
0.966
0.966
0.966
0.966
0.966
0.966
0.966
0.966
0.966
0.966
0.966
0.966
0.9663999999999999
0.9668
0.9672
0.9676
0.968
0.968
0.968
0.968
0.968
0.968
0.9678
0.9676
0.9673999999999999
0.9672
0.967
0.9673999999999999
0.9678
0.9682
0.9686
0.969
0.969
0.969
0.969
0.969
0.969
0.9686
0.9682
0.9678
0.9673999999999999
0.967
0.966
0.965
0.964
0.963
0.962
0.9618
0.9616
0.9613999999999999
0.9611999999999999
0.961
0.9618
0.9626
0.9633999999999999
0.9642
0.965
0.965
0.965
0.965
0.965
0.965
0.9648
0.9646
0.9643999999999999
0.9642
0.964
0.964
0.964
0.964
0.964
0.964
0.964
0.964
0.964
0.964
0.964
0.9646
0.9652
0.9658
0.9663999999999999
0.967
0.9666
0.9662
0.9658
0.9653999999999999
0.965
0.9652
0.9653999999999999
0.9656
0.9658
0.966
0.967
0.968
0.969
0.97
0.971
0.9713999999999999
0.9718
0.9722
0.9726
0.973
0.973
0.973
0.973
0.973
0.973
0.9728
0.9726
0.9723999999999999
0.9722
0.972
0.972
0.972
0.972
0.972
0.972
0.9718
0.9716
0.9713999999999999
0.9712
0.971
0.9708
0.9706
0.9703999999999999
0.9702
0.97
0.97
0.97
0.97
0.97
0.97
0.9702
0.9703999999999999
0.9706
0.9708
0.971
0.9708
0.9706
0.9703999999999999
0.9702
0.97
0.97
0.97
0.97
0.97
0.97
0.97
0.97
0.97
0.97
0.97
0.9696
0.9692
0.9688
0.9683999999999999
0.968
0.9658
0.9636
0.9613999999999999
0.9591999999999999
0.957
0.957
0.957
0.957
0.957
0.957
0.9563999999999999
0.9558
0.9551999999999999
0.9546
0.954
0.954
0.954
0.954
0.954
0.954
0.9546
0.9551999999999999
0.9558
0.9563999999999999
0.957
0.957
0.957
0.957
0.957
0.957
0.9568
0.9566
0.9563999999999999
0.9561999999999999
0.956
0.9556
0.9551999999999999
0.9548
0.9543999999999999
0.954
0.9531999999999999
0.9523999999999999
0.9516
0.9508
0.95
0.9496
0.9491999999999999
0.9488
0.9483999999999999
0.948
0.948
0.948
0.948
0.948
0.948
0.9476
0.9471999999999999
0.9468
0.9463999999999999
0.946
0.9463999999999999
0.9468
0.9471999999999999
0.9476
0.948
0.9511999999999999
0.9543999999999999
0.9576
0.9608
0.964
0.964
0.964
0.964
0.964
0.964
0.9642
0.9643999999999999
0.9646
0.9648
0.965
0.965
0.965
0.965
0.965
0.965
0.965
0.965
0.965
0.965
0.965
0.9648
0.9646
0.9643999999999999
0.9642
0.964
0.964
0.964
0.964
0.964
0.964
0.964
0.964
0.964
0.964
0.964
0.964
0.964
0.964
0.964
0.964
0.964
0.964
0.964
0.964
0.964
0.964
0.964
0.964
0.964
0.964
0.9636
0.9632
0.9628
0.9623999999999999
0.962
0.963
0.964
0.965
0.966
0.967
0.9663999999999999
0.9658
0.9652
0.9646
0.964
0.964
0.964
0.964
0.964
0.964
0.9646
0.9652
0.9658
0.9663999999999999
0.967
0.967
0.967
0.967
0.967
0.967
0.9672
0.9673999999999999
0.9676
0.9678
0.968
0.9682
0.9683999999999999
0.9686
0.9688
0.969
0.969
0.969
0.969
0.969
0.969
0.9688
0.9686
0.9683999999999999
0.9682
0.968
0.968
0.968
0.968
0.968
0.968
0.968
0.968
0.968
0.968
0.968
0.9676
0.9672
0.9668
0.9663999999999999
0.966
0.967
0.968
0.969
0.97
0.971
0.971
0.971
0.971
0.971
0.971
0.971
0.971
0.971
0.971
0.971
0.971
0.971
0.971
0.971
0.971
0.971
0.971
0.971
0.971
0.971
0.971
0.971
0.971
0.971
0.971
0.9712
0.9713999999999999
0.9716
0.9718
0.972
0.972
0.972
0.972
0.972
0.972
0.972
0.972
0.972
0.972
0.972
0.9722
0.9723999999999999
0.9726
0.9728
0.973
0.9728
0.9726
0.9723999999999999
0.9722
0.972
0.9703999999999999
0.9688
0.9672
0.9656
0.964
0.9656
0.9672
0.9688
0.9703999999999999
0.972
0.972
0.972
0.972
0.972
0.972
0.9726
0.9732
0.9738
0.9743999999999999
0.975
0.9752
0.9753999999999999
0.9756
0.9758
0.976
0.9758
0.9756
0.9753999999999999
0.9752
0.975
0.9753999999999999
0.9758
0.9762
0.9766
0.977
0.9742
0.9713999999999999
0.9686
0.9658
0.963
0.9621999999999999
0.9613999999999999
0.9606
0.9598
0.959
0.9586
0.9581999999999999
0.9578
0.9573999999999999
0.957
0.957
0.957
0.957
0.957
0.957
0.957
0.957
0.957
0.957
0.957
0.957
0.957
0.957
0.957
0.957
0.959
0.961
0.963
0.965
0.967
0.9703999999999999
0.9738
0.9772
0.9806
0.984
0.986
0.988
0.99
0.992
0.994
0.9958
0.9975999999999999
0.9994
1.0011999999999999
1.003
1.004
1.005
1.006
1.007
1.008
1.013
1.018
1.023
1.028
1.033
1.035
1.037
1.039
1.041
1.043
1.0442
1.0453999999999999
1.0466
1.0477999999999998
1.049
1.0514
1.0537999999999998
1.0562
1.0586
1.061
1.0617999999999999
1.0626
1.0634
1.0642
1.065
1.0655999999999999
1.0662
1.0668
1.0674000000000001
1.068
1.0692000000000002
1.0704
1.0716
1.0728
1.074
1.0734000000000001
1.0728
1.0722
1.0715999999999999
1.071
1.0714
1.0717999999999999
1.0722
1.0726
1.073
1.0732
1.0734
1.0736
1.0738
1.074
1.0744
1.0748
1.0752000000000002
1.0756000000000001
1.076
1.0762
1.0764
1.0766
1.0768
1.077
1.077
1.077
1.077
1.077
1.077
1.0772
1.0774
1.0776000000000001
1.0778
1.078
1.0782
1.0784
1.0786
1.0788
1.079
1.0756
1.0722
1.0688
1.0654000000000001
1.062
1.0598
1.0576
1.0554
1.0532
1.051
1.0495999999999999
1.0482
1.0468
1.0454
1.044
1.0448
1.0456
1.0464
1.0472000000000001
1.048
1.0478
1.0476
1.0473999999999999
1.0472
1.047
1.0464
1.0458
1.0452
1.0446
1.044
1.0438
1.0436
1.0433999999999999
1.0432
1.043
1.0428
1.0426
1.0424
1.0422
1.042
1.0416
1.0412000000000001
1.0408
1.0404
1.04
1.04
1.04
1.04
1.04
1.04
1.0398
1.0396
1.0393999999999999
1.0392
1.039
1.039
1.039
1.039
1.039
1.039
1.039
1.039
1.039
1.039
1.039
1.0384
1.0378
1.0372
1.0366
1.036
1.0356
1.0352000000000001
1.0348
1.0344
1.034
1.0354
1.0368
1.0382
1.0395999999999999
1.041
1.0397999999999998
1.0386
1.0373999999999999
1.0362
1.035
1.0337999999999998
1.0326
1.0313999999999999
1.0302
1.029
1.0275999999999998
1.0262
1.0248
1.0234
1.022
1.0214
1.0208
1.0202
1.0195999999999998
1.019
1.0188
1.0186
1.0184
1.0182
1.018
1.0178
1.0176
1.0173999999999999
1.0171999999999999
1.017
1.0168
1.0166
1.0164
1.0162
1.016
1.0158
1.0156
1.0153999999999999
1.0151999999999999
1.015
1.0148
1.0146
1.0144
1.0142
1.014
0.8512
0.6884
0.5256000000000001
0.3628
0.2
0.366
0.532
0.6980000000000001
0.8640000000000001
1.03
1.0296
1.0292000000000001
1.0288
1.0284
1.028
1.0292000000000001
1.0304
1.0316
1.0328
1.034
1.0324
1.0308
1.0292000000000001
1.0276
1.026
1.0252000000000001
1.0244
1.0236
1.0228
1.022
1.0212
1.0204
1.0196
1.0188
1.018
1.0194
1.0208
1.0222
1.0235999999999998
1.025
0.9139999999999999
0.8029999999999999
0.692
0.581
0.47
0.5828
0.6956
0.8084
0.9212
1.034
0.8518
0.6696
0.48740000000000006
0.3052
0.123
0.12279999999999999
0.1226
0.1224
0.1222
0.122
0.1176
0.1132
0.10880000000000001
0.1044
0.1
0.1004
0.1008
0.1012
0.1016
0.102
0.1324
0.1628
0.1932
0.22360000000000002
0.254
0.3246
0.3952
0.4658
0.5364
0.607
0.6083999999999999
0.6098
0.6112
0.6126
0.614
0.6228
0.6316
0.6404
0.6492
0.658
0.5634
0.4688
0.37420000000000003
0.2796
0.185
0.1936
0.2022
0.21080000000000002
0.2194
0.228
0.3288
0.4296
0.5304
0.6312
0.732
0.737
0.742
0.747
0.752
0.757
0.808
0.859
0.91
0.9610000000000001
1.012
0.9518
0.8916
0.8314
0.7712
0.711
0.6456
0.5802
0.5148
0.4494
0.384
0.3824
0.3808
0.3792
0.3776
0.376
0.3772
0.3784
0.3796
0.3808
0.382
0.3892
0.3964
0.4036
0.4108
0.418
0.4184
0.4188
0.41919999999999996
0.4196
0.42
0.3786
0.3372
0.2958
0.25439999999999996
0.213
0.2022
0.1914
0.1806
0.1698
0.159
0.1472
0.1354
0.1236
0.11180000000000001
0.1
0.1
0.1
0.1
0.1
0.1
0.1
0.1
0.1
0.1
0.1
0.1
0.1
0.1
0.1
0.1
0.10020000000000001
0.1004
0.10060000000000001
0.1008
0.101
0.10060000000000001
0.10020000000000001
0.0998
0.0994
0.099
0.099
0.099
0.099
0.099
0.099
0.0988
0.09860000000000001
0.0984
0.09820000000000001
0.098
0.098
0.098
0.098
0.098
0.098
0.0978
0.0976
0.0974
0.09720000000000001
0.097
0.097
0.097
0.097
0.097
0.097
0.097
0.097
0.097
0.097
0.097
0.097
0.097
0.097
0.097
0.097
0.09720000000000001
0.0974
0.0976
0.0978
0.098
0.098
0.098
0.098
0.098
0.098
0.098
0.098
0.098
0.098
0.098
0.098
0.098
0.098
0.098
0.098
0.098
0.098
0.098
0.098
0.098
0.098
0.098
0.098
0.098
0.098
0.098
0.098
0.098
0.098
0.098
0.0984
0.0988
0.09920000000000001
0.09960000000000001
0.1
0.1
0.1
0.1
0.1
0.1
0.1
0.1
0.1
0.1
0.1
0.1
0.1
0.1
0.1
0.1
0.0998
0.09960000000000001
0.0994
0.09920000000000001
0.099
0.099
0.099
0.099
0.099
0.099
0.099
0.099
0.099
0.099
0.099
0.099
0.099
0.099
0.099
0.099
0.099
0.099
0.099
0.099
0.099
0.099
0.099
0.099
0.099
0.099
0.099
0.099
0.099
0.099
0.099
0.099
0.099
0.099
0.099
0.099
0.0994
0.0998
0.10020000000000001
0.10060000000000001
0.101
0.101
0.101
0.101
0.101
0.101
0.1018
0.1026
0.1034
0.1042
0.105
0.105
0.105
0.105
0.105
0.105
0.105
0.105
0.105
0.105
0.105
0.1052
0.1054
0.1056
0.10579999999999999
0.106
0.10579999999999999
0.1056
0.1054
0.1052
0.105
0.10479999999999999
0.1046
0.10439999999999999
0.1042
0.104
0.10439999999999999
0.10479999999999999
0.1052
0.1056
0.106
0.106
0.106
0.106
0.106
0.106
0.1184
0.1308
0.1432
0.15560000000000002
0.168
0.168
0.168
0.168
0.168
0.168