1.01600000
1.01480000
1.01360000
1.01240000
1.01120000
1.01000000
1.01000000
1.01000000
1.01000000
1.01000000
1.01000000
1.01000000
1.01000000
1.01000000
1.01000000
1.01000000
1.01000000
1.01000000
1.01000000
1.01000000
1.01000000
1.01000000
1.01000000
1.01000000
1.01000000
1.01000000
1.01000000
1.01000000
1.01000000
1.01000000
1.01000000
1.01000000
1.01000000
1.01000000
1.01000000
1.01000000
1.01000000
1.01000000
1.01000000
1.01000000
1.01000000
1.01000000
1.01000000
1.01000000
1.01000000
1.01000000
1.00940000
1.00880000
1.00820000
1.00760000
1.00700000
1.00340000
0.99980000
0.99620000
0.99260000
0.98900000
0.99260000
0.99620000
0.99980000
1.00340000
1.00700000
1.00700000
1.00700000
1.00700000
1.00700000
1.00700000
1.00700000
1.00700000
1.00700000
1.00700000
1.00700000
1.00660000
1.00620000
1.00580000
1.00540000
1.00500000
1.00500000
1.00500000
1.00500000
1.00500000
1.00500000
1.00500000
1.00500000
1.00500000
1.00500000
1.00500000
1.00500000
1.00500000
1.00500000
1.00500000
1.00500000
1.00500000
1.00500000
1.00500000
1.00500000
1.00500000
1.00500000
1.00500000
1.00500000
1.00500000
1.00500000
1.00520000
1.00540000
1.00560000
1.00580000
1.00600000
1.00680000
1.00760000
1.00840000
1.00920000
1.01000000
1.00780000
1.00560000
1.00340000
1.00120000
0.99900000
0.99920000
0.99940000
0.99960000
0.99980000
1.00000000
1.00080000
1.00160000
1.00240000
1.00320000
1.00400000
1.00400000
1.00400000
1.00400000
1.00400000
1.00400000
1.00400000
1.00400000
1.00400000
1.00400000
1.00400000
1.00400000
1.00400000
1.00400000
1.00400000
1.00400000
1.00400000
1.00400000
1.00400000
1.00400000
1.00400000
1.00400000
1.00400000
1.00400000
1.00400000
1.00400000
1.00400000
1.00400000
1.00400000
1.00400000
1.00400000
1.00400000
1.00400000
1.00400000
1.00400000
1.00400000
1.00420000
1.00440000
1.00460000
1.00480000
1.00500000
1.00520000
1.00540000
1.00560000
1.00580000
1.00600000
1.00680000
1.00760000
1.00840000
1.00920000
1.01000000
1.00840000
1.00680000
1.00520000
1.00360000
1.00200000
1.00080000
0.99960000
0.99840000
0.99720000
0.99600000
0.99600000
0.99600000
0.99600000
0.99600000
0.99600000
0.99600000
0.99600000
0.99600000
0.99600000
0.99600000
0.99600000
0.99600000
0.99600000
0.99600000
0.99600000
0.99600000
0.99600000
0.99600000
0.99600000
0.99600000
0.99600000
0.99600000
0.99600000
0.99600000
0.99600000
0.99600000
0.99600000
0.99600000
0.99600000
0.99600000
0.99600000
0.99600000
0.99600000
0.99600000
0.99600000
0.99620000
0.99640000
0.99660000
0.99680000
0.99700000
0.99720000
0.99740000
0.99760000
0.99780000
0.99800000
0.99820000
0.99840000
0.99860000
0.99880000
0.99900000
0.99880000
0.99860000
0.99840000
0.99820000
0.99800000
0.99760000
0.99720000
0.99680000
0.99640000
0.99600000
0.99580000
0.99560000
0.99540000
0.99520000
0.99500000
0.99500000
0.99500000
0.99500000
0.99500000
0.99500000
0.99480000
0.99460000
0.99440000
0.99420000
0.99400000
0.99400000
0.99400000
0.99400000
0.99400000
0.99400000
0.99420000
0.99440000
0.99460000
0.99480000
0.99500000
0.99520000
0.99540000
0.99560000
0.99580000
0.99600000
0.99600000
0.99600000
0.99600000
0.99600000
0.99600000
0.99580000
0.99560000
0.99540000
0.99520000
0.99500000
0.99480000
0.99460000
0.99440000
0.99420000
0.99400000
0.99180000
0.98960000
0.98740000
0.98520000
0.98300000
0.98300000
0.98300000
0.98300000
0.98300000
0.98300000
0.98300000
0.98300000
0.98300000
0.98300000
0.98300000
0.98300000
0.98300000
0.98300000
0.98300000
0.98300000
0.98300000
0.98300000
0.98300000
0.98300000
0.98300000
0.98300000
0.98300000
0.98300000
0.98300000
0.98300000
0.98300000
0.98300000
0.98300000
0.98300000
0.98300000
0.98300000
0.98300000
0.98300000
0.98300000
0.98300000
0.98300000
0.98300000
0.98300000
0.98300000
0.98300000
0.98320000
0.98340000
0.98360000
0.98380000
0.98400000
0.98400000
0.98400000
0.98400000
0.98400000
0.98400000
0.98380000
0.98360000
0.98340000
0.98320000
0.98300000
0.98220000
0.98140000
0.98060000
0.97980000
0.97900000
0.97920000
0.97940000
0.97960000
0.97980000
0.98000000
0.98000000
0.98000000
0.98000000
0.98000000
0.98000000
0.97980000
0.97960000
0.97940000
0.97920000
0.97900000
0.97900000
0.97900000
0.97900000
0.97900000
0.97900000
0.97900000
0.97900000
0.97900000
0.97900000
0.97900000
0.97900000
0.97900000
0.97900000
0.97900000
0.97900000
0.97900000
0.97900000
0.97900000
0.97900000
0.97900000
0.97900000
0.97900000
0.97900000
0.97900000
0.97900000
0.97900000
0.97900000
0.97900000
0.97900000
0.97900000
0.97920000
0.97940000
0.97960000
0.97980000
0.98000000
0.98000000
0.98000000
0.98000000
0.98000000
0.98000000
0.98020000
0.98040000
0.98060000
0.98080000
0.98100000
0.98200000
0.98300000
0.98400000
0.98500000
0.98600000
0.98620000
0.98640000
0.98660000
0.98680000
0.98700000
0.98700000
0.98700000
0.98700000
0.98700000
0.98700000
0.98700000
0.98700000
0.98700000
0.98700000
0.98700000
0.98700000
0.98700000
0.98700000
0.98700000
0.98700000
0.98680000
0.98660000
0.98640000
0.98620000
0.98600000
0.98600000
0.98600000
0.98600000
0.98600000
0.98600000
0.98540000
0.98480000
0.98420000
0.98360000
0.98300000
0.98300000
0.98300000
0.98300000
0.98300000
0.98300000
0.98280000
0.98260000
0.98240000
0.98220000
0.98200000
0.98200000
0.98200000
0.98200000
0.98200000
0.98200000
0.98180000
0.98160000
0.98140000
0.98120000
0.98100000
0.98080000
0.98060000
0.98040000
0.98020000
0.98000000
0.97980000
0.97960000
0.97940000
0.97920000
0.97900000
0.97900000
0.97900000
0.97900000
0.97900000
0.97900000
0.97900000
0.97900000
0.97900000
0.97900000
0.97900000
0.97880000
0.97860000
0.97840000
0.97820000
0.97800000
0.97840000
0.97880000
0.97920000
0.97960000
0.98000000
0.98000000
0.98000000
0.98000000
0.98000000
0.98000000
0.98000000
0.98000000
0.98000000
0.98000000
0.98000000
0.98000000
0.98000000
0.98000000
0.98000000
0.98000000
0.98000000
0.98000000
0.98000000
0.98000000
0.98000000
0.98000000
0.98000000
0.98000000
0.98000000
0.98000000
0.97980000
0.97960000
0.97940000
0.97920000
0.97900000
0.97840000
0.97780000
0.97720000
0.97660000
0.97600000
0.97600000
0.97600000
0.97600000
0.97600000
0.97600000
0.97600000
0.97600000
0.97600000
0.97600000
0.97600000
0.97600000
0.97600000
0.97600000
0.97600000
0.97600000
0.97600000
0.97600000
0.97600000
0.97600000
0.97600000
0.97600000
0.97600000
0.97600000
0.97600000
0.97600000
0.97600000
0.97600000
0.97600000
0.97600000
0.97600000
0.97600000
0.97600000
0.97600000
0.97600000
0.97600000
0.97360000
0.97120000
0.96880000
0.96640000
0.96400000
0.96440000
0.96480000
0.96520000
0.96560000
0.96600000
0.96620000
0.96640000
0.96660000
0.96680000
0.96700000
0.96660000
0.96620000
0.96580000
0.96540000
0.96500000
0.96540000
0.96580000
0.96620000
0.96660000
0.96700000
0.96620000
0.96540000
0.96460000
0.96380000
0.96300000
0.96440000
0.96580000
0.96720000
0.96860000
0.97000000
0.96980000
0.96960000
0.96940000
0.96920000
0.96900000
0.96900000
0.96900000
0.96900000
0.96900000
0.96900000
0.96860000
0.96820000
0.96780000
0.96740000
0.96700000
0.96700000
0.96700000
0.96700000
0.96700000
0.96700000
0.96680000
0.96660000
0.96640000
0.96620000
0.96600000
0.96600000
0.96600000
0.96600000
0.96600000
0.96600000
0.96600000
0.96600000
0.96600000
0.96600000
0.96600000
0.96620000
0.96640000
0.96660000
0.96680000
0.96700000
0.96900000
0.97100000
0.97300000
0.97500000
0.97700000
0.97520000
0.97340000
0.97160000
0.96980000
0.96800000
0.96800000
0.96800000
0.96800000
0.96800000
0.96800000
0.96800000
0.96800000
0.96800000
0.96800000
0.96800000
0.96800000
0.96800000
0.96800000
0.96800000
0.96800000
0.96800000
0.96800000
0.96800000
0.96800000
0.96800000
0.96660000
0.96520000
0.96380000
0.96240000
0.96100000
0.96100000
0.96100000
0.96100000
0.96100000
0.96100000
0.96100000
0.96100000
0.96100000
0.96100000
0.96100000
0.96100000
0.96100000
0.96100000
0.96100000
0.96100000
0.96060000
0.96020000
0.95980000
0.95940000
0.95900000
0.95880000
0.95860000
0.95840000
0.95820000
0.95800000
0.95780000
0.95760000
0.95740000
0.95720000
0.95700000
0.95680000
0.95660000
0.95640000
0.95620000
0.95600000
0.95580000
0.95560000
0.95540000
0.95520000
0.95500000
0.95500000
0.95500000
0.95500000
0.95500000
0.95500000
0.95480000
0.95460000
0.95440000
0.95420000
0.95400000
0.95400000
0.95400000
0.95400000
0.95400000
0.95400000
0.95420000
0.95440000
0.95460000
0.95480000
0.95500000
0.95480000
0.95460000
0.95440000
0.95420000
0.95400000
0.95580000
0.95760000
0.95940000
0.96120000
0.96300000
0.96300000
0.96300000
0.96300000
0.96300000
0.96300000
0.96280000
0.96260000
0.96240000
0.96220000
0.96200000
0.96220000
0.96240000
0.96260000
0.96280000
0.96300000
0.96340000
0.96380000
0.96420000
0.96460000
0.96500000
0.96500000
0.96500000
0.96500000
0.96500000
0.96500000
0.96520000
0.96540000
0.96560000
0.96580000
0.96600000
0.96580000
0.96560000
0.96540000
0.96520000
0.96500000
0.96380000
0.96260000
0.96140000
0.96020000
0.95900000
0.95900000
0.95900000
0.95900000
0.95900000
0.95900000
0.96040000
0.96180000
0.96320000
0.96460000
0.96600000
0.96600000
0.96600000
0.96600000
0.96600000
0.96600000
0.96600000
0.96600000
0.96600000
0.96600000
0.96600000
0.96600000
0.96600000
0.96600000
0.96600000
0.96600000
0.96600000
0.96600000
0.96600000
0.96600000
0.96600000
0.96620000
0.96640000
0.96660000
0.96680000
0.96700000
0.96740000
0.96780000
0.96820000
0.96860000
0.96900000
0.96840000
0.96780000
0.96720000
0.96660000
0.96600000
0.96580000
0.96560000
0.96540000
0.96520000
0.96500000
0.96520000
0.96540000
0.96560000
0.96580000
0.96600000
0.96640000
0.96680000
0.96720000
0.96760000
0.96800000
0.96820000
0.96840000
0.96860000
0.96880000
0.96900000
0.96900000
0.96900000
0.96900000
0.96900000
0.96900000
0.96900000
0.96900000
0.96900000
0.96900000
0.96900000
0.96900000
0.96900000
0.96900000
0.96900000
0.96900000
0.96900000
0.96900000
0.96900000
0.96900000
0.96900000
0.96900000
0.96900000
0.96900000
0.96900000
0.96900000
0.96920000
0.96940000
0.96960000
0.96980000
0.97000000
0.97060000
0.97120000
0.97180000
0.97240000
0.97300000
0.97320000
0.97340000
0.97360000
0.97380000
0.97400000
0.97400000
0.97400000
0.97400000
0.97400000
0.97400000
0.97400000
0.97400000
0.97400000
0.97400000
0.97400000
0.97400000
0.97400000
0.97400000
0.97400000
0.97400000
0.97420000
0.97440000
0.97460000
0.97480000
0.97500000
0.97520000
0.97540000
0.97560000
0.97580000
0.97600000
0.97600000
0.97600000
0.97600000
0.97600000
0.97600000
0.97600000
0.97600000
0.97600000
0.97600000
0.97600000
0.97600000
0.97600000
0.97600000
0.97600000
0.97600000
0.97600000
0.97600000
0.97600000
0.97600000
0.97600000
0.97580000
0.97560000
0.97540000
0.97520000
0.97500000
0.97440000
0.97380000
0.97320000
0.97260000
0.97200000
0.97200000
0.97200000
0.97200000
0.97200000
0.97200000
0.97100000
0.97000000
0.96900000
0.96800000
0.96700000
0.96700000
0.96700000
0.96700000
0.96700000
0.96700000
0.96700000
0.96700000
0.96700000
0.96700000
0.96700000
0.96700000
0.96700000
0.96700000
0.96700000
0.96700000
0.96720000
0.96740000
0.96760000
0.96780000
0.96800000
0.96800000
0.96800000
0.96800000
0.96800000
0.96800000
0.96800000
0.96800000
0.96800000
0.96800000
0.96800000
0.96820000
0.96840000
0.96860000
0.96880000
0.96900000
0.96900000
0.96900000
0.96900000
0.96900000
0.96900000
0.96900000
0.96900000
0.96900000
0.96900000
0.96900000
0.96820000
0.96740000
0.96660000
0.96580000
0.96500000
0.96680000
0.96860000
0.97040000
0.97220000
0.97400000
0.97360000
0.97320000
0.97280000
0.97240000
0.97200000
0.97200000
0.97200000
0.97200000
0.97200000
0.97200000
0.97200000
0.97200000
0.97200000
0.97200000
0.97200000
0.97200000
0.97200000
0.97200000
0.97200000
0.97200000
0.97280000
0.97360000
0.97440000
0.97520000
0.97600000
0.97600000
0.97600000
0.97600000
0.97600000
0.97600000
0.97580000
0.97560000
0.97540000
0.97520000
0.97500000
0.97540000
0.97580000
0.97620000
0.97660000
0.97700000
0.97700000
0.97700000
0.97700000
0.97700000
0.97700000
0.97720000
0.97740000
0.97760000
0.97780000
0.97800000
0.97840000
0.97880000
0.97920000
0.97960000
0.98000000
0.97960000
0.97920000
0.97880000
0.97840000
0.97800000
0.97780000
0.97760000
0.97740000
0.97720000
0.97700000
0.97700000
0.97700000
0.97700000
0.97700000
0.97700000
0.97720000
0.97740000
0.97760000
0.97780000
0.97800000
0.97800000
0.97800000
0.97800000
0.97800000
0.97800000
0.97800000
0.97800000
0.97800000
0.97800000
0.97800000
0.97800000
0.97800000
0.97800000
0.97800000
0.97800000
0.97800000
0.97800000
0.97800000
0.97800000
0.97800000
0.97800000
0.97800000
0.97800000
0.97800000
0.97800000
0.97760000
0.97720000
0.97680000
0.97640000
0.97600000
0.97540000
0.97480000
0.97420000
0.97360000
0.97300000
0.97440000
0.97580000
0.97720000
0.97860000
0.98000000
0.98020000
0.98040000
0.98060000
0.98080000
0.98100000
0.98100000
0.98100000
0.98100000
0.98100000
0.98100000
0.98120000
0.98140000
0.98160000
0.98180000
0.98200000
0.98180000
0.98160000
0.98140000
0.98120000
0.98100000
0.98100000
0.98100000
0.98100000
0.98100000
0.98100000
0.98100000
0.98100000
0.98100000
0.98100000
0.98100000
0.98100000
0.98100000
0.98100000
0.98100000
0.98100000
0.98080000
0.98060000
0.98040000
0.98020000
0.98000000
0.98000000
0.98000000
0.98000000
0.98000000
0.98000000
0.97980000
0.97960000
0.97940000
0.97920000
0.97900000
0.97880000
0.97860000
0.97840000
0.97820000
0.97800000
0.98000000
0.98200000
0.98400000
0.98600000
0.98800000
0.98820000
0.98840000
0.98860000
0.98880000
0.98900000
0.98920000
0.98940000
0.98960000
0.98980000
0.99000000
0.99000000
0.99000000
0.99000000
0.99000000
0.99000000
0.98980000
0.98960000
0.98940000
0.98920000
0.98900000
0.98920000
0.98940000
0.98960000
0.98980000
0.99000000
0.98940000
0.98880000
0.98820000
0.98760000
0.98700000
0.98680000
0.98660000
0.98640000
0.98620000
0.98600000
0.98600000
0.98600000
0.98600000
0.98600000
0.98600000
0.98600000
0.98600000
0.98600000
0.98600000
0.98600000
0.98600000
0.98600000
0.98600000
0.98600000
0.98600000
0.98540000
0.98480000
0.98420000
0.98360000
0.98300000
0.98220000
0.98140000
0.98060000
0.97980000
0.97900000
0.98300000
0.98700000
0.99100000
0.99500000
0.99900000
0.99900000
0.99900000
0.99900000
0.99900000
0.99900000
0.99900000
0.99900000
0.99900000
0.99900000
0.99900000
0.99900000
0.99900000
0.99900000
0.99900000
0.99900000
0.99880000
0.99860000
0.99840000
0.99820000
0.99800000
0.99820000
0.99840000
0.99860000
0.99880000
0.99900000
0.99900000
0.99900000
0.99900000
0.99900000
0.99900000
0.99860000
0.99820000
0.99780000
0.99740000
0.99700000
0.99680000
0.99660000
0.99640000
0.99620000
0.99600000
0.99420000
0.99240000
0.99060000
0.98880000
0.98700000
0.98700000
0.98700000
0.98700000
0.98700000
0.98700000
0.98740000
0.98780000
0.98820000
0.98860000
0.98900000
0.99040000
0.99180000
0.99320000
0.99460000
0.99600000
0.99580000
0.99560000
0.99540000
0.99520000
0.99500000
0.99480000
0.99460000
0.99440000
0.99420000
0.99400000
0.99320000
0.99240000
0.99160000
0.99080000
0.99000000
0.99000000
0.99000000
0.99000000
0.99000000
0.99000000
0.98980000
0.98960000
0.98940000
0.98920000
0.98900000
0.98860000
0.98820000
0.98780000
0.98740000
0.98700000
0.98700000
0.98700000
0.98700000
0.98700000
0.98700000
0.98700000
0.98700000
0.98700000
0.98700000
0.98700000
0.98700000
0.98700000
0.98700000
0.98700000
0.98700000
0.98720000
0.98740000
0.98760000
0.98780000
0.98800000
0.98880000
0.98960000
0.99040000
0.99120000
0.99200000
0.99320000
0.99440000
0.99560000
0.99680000
0.99800000
0.99800000
0.99800000
0.99800000
0.99800000
0.99800000
0.99820000
0.99840000
0.99860000
0.99880000
0.99900000
0.99920000
0.99940000
0.99960000
0.99980000
1.00000000
1.00000000
1.00000000
1.00000000
1.00000000
1.00000000
1.00020000
1.00040000
1.00060000
1.00080000
1.00100000
1.00100000
1.00100000
1.00100000
1.00100000
1.00100000
1.00100000
1.00100000
1.00100000
1.00100000
1.00100000
1.00100000
1.00100000
1.00100000
1.00100000
1.00100000
1.00100000
1.00100000
1.00100000
1.00100000
1.00100000
1.00120000
1.00140000
1.00160000
1.00180000
1.00200000
1.00320000
1.00440000
1.00560000
1.00680000
1.00800000
1.00800000
1.00800000
1.00800000
1.00800000
1.00800000
